(1) 0 | 0
(2) 0 | 1
(3) 1 | 0
(4) 2 | 1
(5) 4 | 0
(6) 1 | 1
(7) 3 | 0
(8) 7 | 1
(9) 2 | 0
(10) 5 | 1
(11) 6 | 1
(12) 7 | 0
(13) 9 | 1
(14) 9 | 0
(15) 11 | 0
(16) 5 | 0
(17) 3 | 1
(18) 15 | 0
(19) 15 | 1
(20) 13 | 1
(21) 16 | 1
(22) 12 | 0
(23) 11 | 1
(24) 17 | 1
(25) 18 | 0
(26) 6 | 0
(27) 16 | 0
(28) 14 | 1
(29) 13 | 0
(30) 26 | 1
(31) 14 | 0
(32) 26 | 0
(33) 31 | 0
(34) 24 | 1
(35) 18 | 1
(36) 20 | 1
(37) 20 | 0
(38) 8 | 0
(39) 4 | 1
(40) 17 | 0
(41) 40 | 1
(42) 27 | 0
(43) 30 | 0
(44) 32 | 0
(45) 29 | 1
(46) 10 | 0
(47) 28 | 0
(48) 22 | 1
(49) 28 | 1
(50) 37 | 1
(51) 39 | 0
(52) 51 | 0
(53) 10 | 1
(54) 29 | 0
(55) 19 | 1
(56) 21 | 0
(57) 48 | 1
(58) 40 | 0
(59) 55 | 1
(60) 47 | 0
(61) 12 | 1
(62) 50 | 0
(63) 42 | 1
(64) 25 | 1
(65) 37 | 0
(66) 41 | 1
(67) 8 | 1
(68) 59 | 1
(69) 66 | 1
(70) 48 | 0
(71) 47 | 1
(72) 35 | 1
(73) 23 | 1
(74) 25 | 0
(75) 60 | 0
(76) 67 | 1
(77) 72 | 0
(78) 39 | 1
(79) 74 | 1
(80) 58 | 0
(81) 67 | 0
(82) 46 | 1
(83) 33 | 1
(84) 64 | 1
(85) 79 | 0
(86) 27 | 1
(87) 50 | 1
(88) 56 | 0
(89) 61 | 1
(90) 65 | 1
(91) 36 | 1
(92) 85 | 1
(93) 75 | 1
(94) 91 | 0
(95) 52 | 1
(96) 38 | 1
(97) 42 | 0
(98) 54 | 1
(99) 96 | 0
(100) 46 | 0
(101) 36 | 0
(102) 31 | 1
(103) 83 | 0
(104) 44 | 0
(105) 34 | 0
(106) 69 | 0
(107) 45 | 1
(108) 41 | 0
(109) 104 | 0
(110) 23 | 0
(111) 55 | 0
(112) 78 | 0
(113) 95 | 0
(114) 110 | 1
(115) 81 | 0
(116) 98 | 0
(117) 57 | 0
(118) 44 | 1
(119) 94 | 0
(120) 33 | 0
(121) 111 | 1
(122) 92 | 1
(123) 81 | 1
(124) 103 | 1
(125) 102 | 1
(126) 68 | 0
(127) 30 | 1
(128) 120 | 1
(129) 6 | 0
